2146621481
1941829203
952181308
946598697
1501295065
732304316
491949860
954103369
252840876
1827942458
56411349
1700485147
1463476204
1227272823
80816316
1983774578
937141658
1886354078
177410765
306017347
483186840
1188735265
2119807717
1755760925
1069182573
963427348
2120350519
558146359
1720346122
1488937863
720332349
1719483956
1283283419
1672513657
518599005
637094836
257334325
1010548865
1591198205
510175201
691007676
1647609554
63176701
7000232
727398730
143993017
1990774810
1664540388
2030347095
20701928
1970557735
366050288
1209437193
1942881805
2121811213
131136118
758825505
2094678085
689282477
331687979
1436132300
1409614826
2051171935
571932071
934644835
422287292
1209026908
1191979160
1432836158
652741465
1702154362
2123843834
152867372
1765331063
2130844066
880266102
1909324080
1974135229
397322842
1792187528
1994837157
220396930
10754168
1056790702
15795087
2132565381
1187926820
774620592
2079759818
1877209297
1106308571
1368408471
1139340476
1009996859
1940340542
2073985311
1432284151
1001883802
1118480824
717636661
1654625268
673151538
693996847
1807492640
290998953
677357266
540275094
52839385
504008847
937597936
1845026913
351362356
1157994866
1855781081
1408153058
1173789953
1840862815
448596230
1948410545
1773138985
178321879
907235469
994063808
1317662355
1917232328
786920703
1244164019
1202032831
1788804505
215161195
1919669493
1295946125
888312733
466182692
955955117
1179311686
1143539958
1496230211
1232151071
1647548805
286344500
929694337
1998911161
1444339366
637991770
1259580571
470645672
331370937
1708176801
271572569
2104509923
1886498681
1178808038
951090083
1056677388
948556718
1738010786
153357759
3105902
1379331644
368518954
1922775395
527794121
1256831687
241474439
1483749239
288659725
1385014398
832495802
1520810797
885079555
1118840302
303021486
736507069
415696021
941013256
1996087640
886341693
1272384194
1556780794
1157914262
1229410469
1295795827
189238653
33016904
204989567
1137795371
1771027691
358347327
1140901273
1002875687
726866281
916193020
1530669808
1983697969
1157667460
866935399
124874046
395198210
1699431202
1645684843
1280277765
670787856
1948706329
2016784834
1086483877
742235938
1865388827
1972825570
2014620132
1274685973
983256185
1096546953
422998152
1172494838
1129563857
627987719
162806561
753107900
986335046
1303707835
1755983587
1713201328
72417207
1139169748
1549415649
1230084667
2006105147
1674289695
1625282877
1558052701
1172490891
758076995
81356910
973713572
627378181
1167840787
1715949510
345283360
993182710
1583085994
1619969333
1976438895
532149299
2042967485
1001450085
1661713157
523471557
1164256646
267337409
1509806603
320480833
2023320997
1075524283
392898041
1015007097
477456284
1622982708
873628596
4262332
1100781938
284197650
1176753223
1858858933
365554560
2983147
338753466
1533395347
1718932658
684036827
379094409
1154535004
156522512
208049656
1686684304
52006350
1209499741
1200913813
575477907
226272740
1468251222
2085284510
546753573
1344088571
1013325146
939651614
211612020
1490781430
415150675
1085240617
1495043762
1515932613
1369438267
524313337
1227307898
1734992827
527296485
1566061364
1120904526
98745495
102614543
1499998936
1253280499
259137056
1708048592
792481155
311143406
770064686
1993394968
886621313
996337426
1314162543
824422175
1543090999
510767466
1837747321
335258966
722379487
1181045104
750409641
1807620104
528605218
118858606
1029574723
1052918556
1346166504
617083902
1580215041
764744220
1737988428
1678960536
867358764
1090503716
784757387
1126495820
651068661
1577238543
1437639226
1421133347
1423149863
176776891
269987125
589828758
1001199066
1813078124
1100596225
691462740
853442
1822975712
1872507844
751263083
1483112168
253629414
870121689
365203243
1306547970
68804545
982287145
739279363
833548766
572791925
270756251
1700907530
1663295642
1055513639
679919702
166880655
485268534
2117558928
1588014002
1908418397
146852171
1858001127
350763508
1148051237
1523595603
1451359733
1839513977
1524449046
1126851797
1564538173
128228481
462480317
1818167588
998350171
827683560
977231910
1067154716
1809970705
1716511274
1900703482
235278982
1987267525
1454127364
1898574624
895297516
2134047066
2065455279
1380566050
2104122346
1505985633
1141500800
103490869
1216503112
1492264308
1251542107
592615068
796140393
943572436
2117064114
1922992190
360626962
97808947
237988859
31310902
1096159118
1065672419
1008542812
15830187
728159476
577570438
1916533669
963438458
417354316
1223177386
714529435
1312651832
1209740804
632501066
545734235
1166379503
2138486700
1687235035
1269870372
1207506164
1032015695
373928831
1800121232
1828156088
1317501268
1769701698
1603664630
1678128230
1867510646
1841653489
1709439132
816186116
759842260
570498296
832016303
1488001736
1148068735
601066325
303956546
1565423051
1824243711
1018485981
730591235
886500867
1650987048
1276325470
2052880370
1641990100
816076857
1175267095
702012616
1848092552
1549195926
354650201
1528764992
719213546
2124351899
984945974
249858128
1844378897
679115815
1959297260
513081366
1438958075
382311909
1345097669
779476163
1530380644
1946163994
1083432710
948320047
1622924057
2101918691
1678911282
361941277
1605422091
807753105
267337999
1099928543
1623829962
1442605094
1801941160
1324438867
844317373
9107713
705720211
1563530919
2133459612
1690666186
1813389048
1830354862
222298353
1625202660
195952580
1661256429
2007514569
1541050249
293248944
1390411565
1339730596
1376681654
191247964
815171005
1331116698
1870159247
1177112282
789055141
530428704
1444450282
1888983685
6775018
739571728
1543441197
1331213885
1583889101
1552548910
2036934097
999936373
1538524874
1580116635
665841773
1221396088
1802414988
143560785
1417348668
1316187769
3591707
810915270
1609436714
1394003272
3162218
838634720
1585251237
818333223
22267770
1307926836
1995445506
811322912
1838355540
1292412140
552822949
1845130558
2031983868
2096264146
1028860796
1468389322
1501329408
918311245
320842047
892370634
350944232
986683820
2113766723
5875572
1130244605
1383631743
1322063342
1133836312
47063365
784016408
380355937
50225583
1622651128
1965607174
868558807
1644918899
1126050362
716520665
308758163
816922254
2008932805
861581112
514569164
1893433025
810361610
1543429960
1214338699
164207370
314257557
1535180746
1056578004
665201789
374380918
1022861079
671077362
1504625524
259009175
1993140704
490978188
306072540
629673464
871334125
356298124
104840944
689457651
1224856931
1749759843
1815508013
1941377596
2058518006
484946619
1802826753
772615470
999515784
1548776130
1582977080
395462096
615631182
1747184450
709719654
3328280
656278807
1374921443
377709199
1679139886
2045998805
1882334723
1938149061
1891655861
225829263
96737954
373845677
1097163389
453036078
478686622
1786621040
1677893009
80962817
1454645406
1471786957
2139480824
1939592025
1127130062
764612646
791624161
528422544
200106079
1187086258
1144053726
1947290529
1896805912
1147382007
456085688
1124243707
1525091206
2135225575
1022758865
1259942281
1925890988
766931078
1485771544
2022628942
1140776756
435451285
328181372
1619463378
74588678
2006074381
1700426195
1529234084
1330377690
1692423371
1321342461
310024104
309552370
2112966623
838446649
509658449
1152569233
1982500375
309465330
901891497
982398734
765551019
2026135204
360006292
753292946
901410421
1619948573
531700286
1668341500
958236470
406845581
661634608
1393687755
735026953
133614338
1468276433
593617687
1834040533
850026869
1923995377
1378980257
23885683
86535834
1688532627
2136852306
924982483
50707428
1141937891
759999210
360172758
2043829388
1742397945
1125723777
1922480944
2102404237
1879016723
676407718
1574869163
263233362
197265570
385621985
670078943
858900178
1779309740
1405105896
992514516
1100102526
1998723583
679071401
1950129395
1775235313
2058051658
1974015078
1861771147
1599100637
1963383736
639269982
1649808065
957837979
1399269192
2009980824
854183719
994183489
988220953
629181016
949104079
719754029
1305588734
376489594
982987391
1502854304
762111579
1653066334
214270834
393937671
910688582
1206785350
1494040197
761928518
1885856751
1296685945
389680183
1796424762
1123217375
103967682
1248041751
939117464
743237664
750366169
1896955443
2142506856
612863345
603655515
989206698
1601084298
1232836531
1938310777
173354679
390941617
167316723
1156342070
1893795921
929428302
661924756
2108066755
1323365973
1572613339
1167368457
669922523
187058209
905741560
1966608468
576738392
554682674
942342195
680706074
1802724426
1881459659
1423943738
405606947
1630931455
1418966946
1018470292
87103322
260689996
472070942
1319939853
51517125
645425622
1710881470
218833848
1801767692
1457193743
1148262150
316208801
1417776850
324144476
1888822140
437661659
994066999
2075880349
1343403219
813191819
505135093
1898085894
1755534014
1185841167
1553326672
1489510026
462301257
1958933619
972957833
1881268203
829920263
1060061155
2141958200
1301991205
232517360
45991677
1947416827
1943398830
264825526
1601700872
1253108925
1413087676
1917909673
523402127
1737232152
1659248165
961063786
583815503
1587644866
156983357
1397007322
2092779959
2055069251
1005057689
1131137478
1460912275
347084067
1593438735
1272362246
1320041900
1327223290
2102282509
232619407
1321697842
1256790067
465136767
1367689520
1056723246
261051949
1632515046
510940470
1514160874
898119074
281366495
2037563001
487867579
1940614660
851143139
1071683082
1380775878
1008126496
321206757
1326072189
915712100
1326264446
309726019
229140727
1673348513
1903164754
1501502974
845906765
1082904397
1456301835
1078526172
257118591
565608254
1543662939
1624808111
1622331501
1804714888
1109839509
2133271971
1171392114
2007958584
267154819
1061471467
348342515
60285831
1912614606
1420025597
1441061710
773257454
1741232354
619650251
1688969554
920013152
929376271
1918110282
445878017
685057377
1272129608
1291784782
1767961774
580947795
222827306
2025080366
1146556050
1766490245
1502404829
621403903
1423721485
464760691
607192226
447629951
325235627
874347045
1509101418
673578142
934632877
1274232376
2093603739
228210939
2047489831
1687352446
847861190
1588975737
459881950
1777237461
1359602371
905759968
314811191
484248331
50061102
2082772965
1065196127
272888409
1960369683
64268529
2039378654
1315290865
685672432
1315616492
1780051556
1292864658
1763246443
2105287183
19728056
1124864214
631381677
954360933
251612942
577501768
1182571872
151619125
117370566
2030433062
1740594863
577252517
1660186876
952713586
1483012485
1974998067
1436961918
1533073587
1910287384
354674397
1805961996
1723173420
418942926
1697857003
