2146621481
0
853442
2983147
3105902
3162218
3328280
3591707
4262332
5875572
6775018
7000232
9107713
10754168
15795087
15830187
19728056
20701928
22267770
23885683
31310902
33016904
45991677
47063365
50061102
50225583
50707428
51517125
52006350
52839385
56411349
60285831
63176701
64268529
68804545
72417207
74588678
80816316
80962817
81356910
86535834
87103322
96737954
97808947
98745495
102614543
103490869
103967682
104840944
117370566
118858606
124874046
128228481
131136118
133614338
143560785
143993017
146852171
151619125
152867372
153357759
156522512
156983357
162806561
164207370
166880655
167316723
173354679
176776891
177410765
178321879
187058209
189238653
191247964
195952580
197265570
200106079
204989567
208049656
211612020
214270834
215161195
218833848
220396930
222298353
222827306
225829263
226272740
228210939
229140727
232517360
232619407
235278982
237988859
241474439
249858128
251612942
252840876
253629414
257118591
257334325
259009175
259137056
260689996
261051949
263233362
264825526
267154819
267337409
267337999
269987125
270756251
271572569
272888409
281366495
284197650
286344500
288659725
290998953
293248944
303021486
303956546
306017347
306072540
308758163
309465330
309552370
309726019
310024104
311143406
314257557
314811191
316208801
320480833
320842047
321206757
324144476
325235627
328181372
331370937
331687979
335258966
338753466
345283360
347084067
348342515
350763508
350944232
351362356
354650201
354674397
356298124
358347327
360006292
360172758
360626962
361941277
365203243
365554560
366050288
368518954
373845677
373928831
374380918
376489594
377709199
379094409
380355937
382311909
385621985
389680183
390941617
392898041
393937671
395198210
395462096
397322842
405606947
406845581
415150675
415696021
417354316
418942926
422287292
422998152
435451285
437661659
445878017
447629951
448596230
453036078
456085688
459881950
462301257
462480317
464760691
465136767
466182692
470645672
472070942
477456284
478686622
483186840
484248331
484946619
485268534
487867579
490978188
491949860
504008847
505135093
509658449
510175201
510767466
510940470
513081366
514569164
518599005
523402127
523471557
524313337
527296485
527794121
528422544
528605218
530428704
531700286
532149299
540275094
545734235
546753573
552822949
554682674
558146359
565608254
570498296
571932071
572791925
575477907
576738392
577252517
577501768
577570438
580947795
583815503
589828758
592615068
593617687
601066325
603655515
607192226
612863345
615631182
617083902
619650251
621403903
627378181
627987719
629181016
629673464
631381677
632501066
637094836
637991770
639269982
645425622
651068661
652741465
656278807
661634608
661924756
665201789
665841773
669922523
670078943
670787856
671077362
673151538
673578142
676407718
677357266
679071401
679115815
679919702
680706074
684036827
685057377
685672432
689282477
689457651
691007676
691462740
693996847
702012616
705720211
709719654
714529435
716520665
717636661
719213546
719754029
720332349
722379487
726866281
727398730
728159476
730591235
732304316
735026953
736507069
739279363
739571728
742235938
743237664
750366169
750409641
751263083
753107900
753292946
758076995
758825505
759842260
759999210
761928518
762111579
764612646
764744220
765551019
766931078
770064686
772615470
773257454
774620592
779476163
784016408
784757387
786920703
789055141
791624161
792481155
796140393
807753105
810361610
810915270
811322912
813191819
815171005
816076857
816186116
816922254
818333223
824422175
827683560
829920263
832016303
832495802
833548766
838446649
838634720
844317373
845906765
847861190
850026869
851143139
854183719
858900178
861581112
866935399
867358764
868558807
870121689
871334125
873628596
874347045
880266102
885079555
886341693
886500867
886621313
888312733
892370634
895297516
898119074
901410421
901891497
905741560
905759968
907235469
910688582
915712100
916193020
918311245
920013152
924982483
929376271
929428302
929694337
934632877
934644835
937141658
937597936
939117464
939651614
941013256
942342195
943572436
946598697
948320047
948556718
949104079
951090083
952181308
952713586
954103369
954360933
955955117
957837979
958236470
961063786
963427348
963438458
972957833
973713572
977231910
982287145
982398734
982987391
983256185
984945974
986335046
986683820
988220953
989206698
992514516
993182710
994063808
994066999
994183489
996337426
998350171
999515784
999936373
1001199066
1001450085
1001883802
1002875687
1005057689
1008126496
1008542812
1009996859
1010548865
1013325146
1015007097
1018470292
1018485981
1022758865
1022861079
1028860796
1029574723
1032015695
1052918556
1055513639
1056578004
1056677388
1056723246
1056790702
1060061155
1061471467
1065196127
1065672419
1067154716
1069182573
1071683082
1075524283
1078526172
1082904397
1083432710
1085240617
1086483877
1090503716
1096159118
1096546953
1097163389
1099928543
1100102526
1100596225
1100781938
1106308571
1109839509
1118480824
1118840302
1120904526
1123217375
1124243707
1124864214
1125723777
1126050362
1126495820
1126851797
1127130062
1129563857
1130244605
1131137478
1133836312
1137795371
1139169748
1139340476
1140776756
1140901273
1141500800
1141937891
1143539958
1144053726
1146556050
1147382007
1148051237
1148068735
1148262150
1152569233
1154535004
1156342070
1157667460
1157914262
1157994866
1164256646
1166379503
1167368457
1167840787
1171392114
1172490891
1172494838
1173789953
1175267095
1176753223
1177112282
1178808038
1179311686
1181045104
1182571872
1185841167
1187086258
1187926820
1188735265
1191979160
1200913813
1202032831
1206785350
1207506164
1209026908
1209437193
1209499741
1209740804
1214338699
1216503112
1221396088
1223177386
1224856931
1227272823
1227307898
1229410469
1230084667
1232151071
1232836531
1244164019
1248041751
1251542107
1253108925
1253280499
1256790067
1256831687
1259580571
1259942281
1269870372
1272129608
1272362246
1272384194
1274232376
1274685973
1276325470
1280277765
1283283419
1291784782
1292412140
1292864658
1295795827
1295946125
1296685945
1301991205
1303707835
1305588734
1306547970
1307926836
1312651832
1314162543
1315290865
1315616492
1316187769
1317501268
1317662355
1319939853
1320041900
1321342461
1321697842
1322063342
1323365973
1324438867
1326072189
1326264446
1327223290
1330377690
1331116698
1331213885
1339730596
1343403219
1344088571
1345097669
1346166504
1359602371
1367689520
1368408471
1369438267
1374921443
1376681654
1378980257
1379331644
1380566050
1380775878
1383631743
1385014398
1390411565
1393687755
1394003272
1397007322
1399269192
1405105896
1408153058
1409614826
1413087676
1417348668
1417776850
1418966946
1420025597
1421133347
1423149863
1423721485
1423943738
1432284151
1432836158
1436132300
1436961918
1437639226
1438958075
1441061710
1442605094
1444339366
1444450282
1451359733
1454127364
1454645406
1456301835
1457193743
1460912275
1463476204
1468251222
1468276433
1468389322
1471786957
1483012485
1483112168
1483749239
1485771544
1488001736
1488937863
1489510026
1490781430
1492264308
1494040197
1495043762
1496230211
1499998936
1501295065
1501329408
1501502974
1502404829
1502854304
1504625524
1505985633
1509101418
1509806603
1514160874
1515932613
1520810797
1523595603
1524449046
1525091206
1528764992
1529234084
1530380644
1530669808
1533073587
1533395347
1535180746
1538524874
1541050249
1543090999
1543429960
1543441197
1543662939
1548776130
1549195926
1549415649
1552548910
1553326672
1556780794
1558052701
1563530919
1564538173
1565423051
1566061364
1572613339
1574869163
1577238543
1580116635
1580215041
1582977080
1583085994
1583889101
1585251237
1587644866
1588014002
1588975737
1591198205
1593438735
1599100637
1601084298
1601700872
1603664630
1605422091
1609436714
1619463378
1619948573
1619969333
1622331501
1622651128
1622924057
1622982708
1623829962
1624808111
1625202660
1625282877
1630931455
1632515046
1641990100
1644918899
1645684843
1647548805
1647609554
1649808065
1650987048
1653066334
1654625268
1659248165
1660186876
1661256429
1661713157
1663295642
1664540388
1668341500
1672513657
1673348513
1674289695
1677893009
1678128230
1678911282
1678960536
1679139886
1686684304
1687235035
1687352446
1688532627
1688969554
1690666186
1692423371
1697857003
1699431202
1700426195
1700485147
1700907530
1702154362
1708048592
1708176801
1709439132
1710881470
1713201328
1715949510
1716511274
1718932658
1719483956
1720346122
1723173420
1734992827
1737232152
1737988428
1738010786
1740594863
1741232354
1742397945
1747184450
1749759843
1755534014
1755760925
1755983587
1763246443
1765331063
1766490245
1767961774
1769701698
1771027691
1773138985
1775235313
1777237461
1779309740
1780051556
1786621040
1788804505
1792187528
1796424762
1800121232
1801767692
1801941160
1802414988
1802724426
1802826753
1804714888
1805961996
1807492640
1807620104
1809970705
1813078124
1813389048
1815508013
1818167588
1822975712
1824243711
1827942458
1828156088
1830354862
1834040533
1837747321
1838355540
1839513977
1840862815
1841653489
1844378897
1845026913
1845130558
1848092552
1855781081
1858001127
1858858933
1861771147
1865388827
1867510646
1870159247
1872507844
1877209297
1879016723
1881268203
1881459659
1882334723
1885856751
1886354078
1886498681
1888822140
1888983685
1891655861
1893433025
1893795921
1896805912
1896955443
1898085894
1898574624
1900703482
1903164754
1908418397
1909324080
1910287384
1912614606
1916533669
1917232328
1917909673
1918110282
1919669493
1922480944
1922775395
1922992190
1923995377
1925890988
1938149061
1938310777
1939592025
1940340542
1940614660
1941377596
1941829203
1942881805
1943398830
1946163994
1947290529
1947416827
1948410545
1948706329
1950129395
1958933619
1959297260
1960369683
1963383736
1965607174
1966608468
1970557735
1972825570
1974015078
1974135229
1974998067
1976438895
1982500375
1983697969
1983774578
1987267525
1990774810
1993140704
1993394968
1994837157
1995445506
1996087640
1998723583
1998911161
2006074381
2006105147
2007514569
2007958584
2008932805
2009980824
2014620132
2016784834
2022628942
2023320997
2025080366
2026135204
2030347095
2030433062
2031983868
2036934097
2037563001
2039378654
2042967485
2043829388
2045998805
2047489831
2051171935
2052880370
2055069251
2058051658
2058518006
2065455279
2073985311
2075880349
2079759818
2082772965
2085284510
2092779959
2093603739
2094678085
2096264146
2101918691
2102282509
2102404237
2104122346
2104509923
2105287183
2108066755
2112966623
2113766723
2117064114
2117558928
2119807717
2120350519
2121811213
2123843834
2124351899
2130844066
2132565381
2133271971
2133459612
2134047066
2135225575
2136852306
2138486700
2139480824
2141958200
